195	105	142	91	122	21	12	143	229	209	92	180	178	220	117
167	113	189	17	157	37	169	73	140	188	92	29	50	236	151
96	81	56	207	76	250	85	117	0	163	173	93	240	141	249
155	207	123	216	85	158	5	219	196	225	209	198	46	159	163
153	169	232	106	114	1	72	128	104	237	210	224	1	63	132
224	66	193	236	72	51	177	178	169	199	39	175	9	124	58
142	237	74	233	204	29	96	228	9	132	227	6	245	118	84
72	112	235	170	154	246	35	244	91	76	0	46	111	209	73
198	26	91	53	169	55	197	115	235	247	222	2	153	9	148
71	64	44	157	69	57	146	218	175	120	128	254	235	192	35
75	141	125	84	237	177	239	66	62	145	247	17	115	246	150
248	186	84	82	245	198	212	101	172	152	67	247	39	76	212
65	139	30	24	38	68	106	34	185	152	127	254	146	222	173
150	192	214	170	230	179	122	141	145	219	95	232	107	54	28
171	146	131	172	227	223	211	83	176	138	219	131	177	172	29
253	216	61	141	60	238	56	165	37	60	157	181	217	179	102
48	175	200	147	6	141	171	201	182	188	104	122	41	19	37
184	59	103	222	251	213	20	206	100	145	227	71	242	195	212
213	225	150	197	9	81	97	28	105	124	104	174	249	199	105
90	242	90	128	189	57	251	213	253	25	20	250	170	44	196
140	65	78	205	10	179	34	215	61	140	218	236	83	189	80
151	30	169	73	137	245	113	207	105	143	126	174	143	58	168
70	202	100	224	117	24	249	87	89	213	218	230	115	132	146
201	228	69	237	240	72	127	169	132	83	197	103	250	10	63
233	191	128	250	71	207	44	240	89	4	35	201	145	85	37
244	74	40	246	121	145	216	168	6	215	213	35	125	67	130
161	185	83	65	1	229	11	105	174	158	14	175	157	153	40
44	186	57	8	12	224	158	183	103	126	77	247	219	165	234
73	212	93	172	166	211	12	225	250	0	168	172	188	31	82
102	254	129	191	208	128	46	2	100	82	210	122	174	189	231
220	214	76	199	131	120	157	6	244	96	123	250	135	88	82
82	21	106	240	38	215	209	187	241	151	224	148	193	156	241
156	77	134	104	234	201	69	31	140	44	0	93	240	187	168
115	76	65	242	213	205	233	228	9	15	219	125	132	247	148
77	94	196	94	196	105	54	7	56	224	231	26	241	133	228
48	185	171	167	193	151	42	149	33	178	138	233	136	234	115
112	241	136	122	175	224	86	233	254	186	235	195	165	147	67
168	189	218	113	200	118	153	219	172	191	204	178	212	227	137
140	33	170	92	226	166	72	134	218	57	11	187	229	179	25
133	236	55	102	29	83	31	250	83	106	184	154	231	103	241
145	112	241	143	168	140	32	249	53	66	185	106	139	152	123
139	253	205	232	72	107	223	23	194	254	44	48	217	101	120
184	231	136	54	98	45	50	49	96	48	77	119	71	102	82
198	225	86	161	131	71	163	93	87	224	180	162	116	92	137
58	85	139	0	63	41	169	91	166	2	60	142	53	90	83
82	124	112	73	129	138	147	12	221	186	219	106	214	57	119
163	86	247	250	90	69	96	100	174	154	110	195	91	78	29
47	16	24	226	245	49	63	34	184	249	38	174	102	197	219
189	175	167	15	14	200	244	144	181	66	152	83	67	139	79
133	198	159	75	159	132	64	191	236	117	237	156	130	109	208
59	146	175	113	101	198	50	58	153	56	237	126	44	104	27
221	178	41	48	233	51	115	92	4	113	6	142	82	83	91
79	80	114	137	181	41	2	125	238	131	87	190	5	1	238
247	24	108	117	5	198	148	198	21	114	142	167	168	254	234
118	5	63	105	218	138	58	69	51	53	199	18	122	186	145
205	103	178	186	11	77	20	237	55	92	188	103	217	117	156
125	21	74	49	106	182	13	69	199	48	36	106	136	195	229
112	74	20	85	44	15	118	225	107	95	56	16	152	8	15
128	205	2	27	126	154	120	19	18	236	162	52	203	250	80
206	58	202	154	88	148	238	79	198	22	11	210	191	90	59
228	72	29	26	223	237	223	217	0	182	140	139	210	133	249
132	24	89	206	114	133	103	114	182	156	3	31	245	158	174
233	22	154	82	96	51	131	82	122	55	68	26	110	105	22
228	62	132	48	156	209	253	52	37	180	179	230	133	153	207
144	87	218	75	120	48	222	132	117	210	93	167	40	238	216
68	222	151	62	77	32	227	14	172	99	10	88	158	81	1
159	205	62	113	31	192	217	148	135	90	86	212	24	109	221
208	2	81	97	248	22	213	13	245	150	169	176	60	95	81
95	5	52	125	170	204	114	242	203	90	105	161	110	199	188
61	238	133	187	91	226	124	50	170	159	110	12	160	63	116
70	124	93	105	60	90	98	184	124	143	215	57	146	254	150
14	247	110	78	217	16	157	65	22	122	149	77	157	32	124
201	234	161	56	213	47	24	174	78	221	123	227	214	110	66
152	222	248	169	238	31	88	236	186	74	46	202	25	108	84
139	245	60	95	250	107	224	26	154	240	237	145	190	39	29
170	45	37	241	128	217	105	78	151	68	10	198	76	145	113
101	40	117	202	183	179	149	209	45	238	106	40	98	210	112
77	150	197	173	33	181	130	167	26	149	184	0	228	185	48
186	133	209	51	208	185	225	140	101	181	209	96	13	183	114
140	118	223	174	22	29	205	76	225	141	49	109	220	16	125
103	238	187	75	140	17	143	145	1	8	70	145	59	31	185
52	218	66	6	189	5	254	66	57	57	56	12	37	167	123
98	174	96	119	238	214	231	75	73	163	224	173	40	234	152
104	58	108	219	146	46	99	30	19	220	104	3	105	162	5
196	39	137	145	186	183	60	217	247	157	38	223	133	107	80
146	156	12	147	46	190	35	249	157	41	173	141	178	11	120
244	195	172	87	104	252	64	166	109	220	226	128	94	116	85
176	25	209	128	27	230	150	3	75	193	73	72	244	226	249
60	156	53	19	33	90	59	195	190	107	223	121	0	178	223
44	73	33	90	48	7	253	100	21	183	109	168	48	228	181
212	105	97	140	222	119	217	148	163	140	82	75	162	203	193
76	73	216	24	201	6	170	81	17	204	222	156	239	169	224
249	129	228	155	160	242	228	38	67	38	239	177	109	224	53
32	20	197	148	29	132	92	92	192	252	35	58	45	38	192
193	224	150	117	230	77	26	17	22	215	242	88	224	252	18
130	134	80	134	103	183	51	85	180	71	133	229	202	121	166
39	45	197	196	111	89	245	155	218	29	178	76	71	43	44
232	214	158	88	3	162	171	84	158	20	178	179	0	122	69
246	160	199	118	59	126	236	160	136	234	246	157	224	163	215
79	90	122	205	191	127	117	36	94	80	227	249	49	62	151
